This will only do 1 round of AES
Start array:
204 110 219 177
 21 152  49 113
 39 162 150  37
144  24  51 210

Added key
189  31 170 192
 98 239  70   6
 66 199 243  64
226 106  71 171

Shifted rows
189  31 170 192
  6  98 239  70
243  64  66 199
106  71 171 226

Sub Bytes
205 203  98  31
165 171  97 152
126 114 246  49
 88  22  14  59

Mixed columns
239 253  96  59
217 228 145 226
192  76  25  20
184  81  19  64